
## IPR color choices


color_mono_4 <- c('#A1C7E7','#008FC8','#006791', '#003348' )
color_mono_5 <- c('#919EAD', '#A1C7E7','#008FC8','#006791', '#003348')
color_mono_7 <- c('#5E6D80', '#919EAD', '#A1C7E7', '#17B3D1', '#008FC8','#006791', '#003348')
color_mono_10 <- c('#5E6D80', '#919EAD','#006791', '#008FC8', '#17B3D1','#A1C7E7','#03C1AA','#0D9D7B','#0D4E60','#003348')
